### 這是計算紙 ###
# 練習題 #

52^2 + 46^2 + 45^2 + 53^2 + 
  62^2 + 51^2 + 64^2 + 55^2 + 
  42^2 + 50^2 + 53^2 + 51^2
12*52^2
32894-32448
SSTotal <- (52-52)^2 + (46-52)^2 + (45-52)^2 + (53-52)^2 + 
      (62-52)^2 + (51-52)^2 + (64-52)^2 + (55-52)^2 + 
      (42-52)^2 + (50-52)^2 + (53-52)^2 + (51-52)^2 #df = 11

SSA <- 3*((52-52)^2 + (49-52)^2 + (54-52)^2 + (53-52)^2) #df = 3

SSB <- 4*((49-52)^2 + (58-52)^2 + (48-52)^2) #df = 2

SSE <- SSTotal - SSA - SSB #df = 6



3*(52^2 + 49^2 + 54^2 + 53^2) - 12*52^2


5*(29^2 + 27^2 + 31^2 + 26^2) - 20*28.25^2
